LSTM:100.0,100.0,100.0,100.0,100.0,100.0,100.0,99.90399932861328,98.97599792480469,50.19200134277344
LSTM:100.0,100.0,100.0,100.0,100.0,100.0,100.0,99.90399932861328,98.91200256347656,50.65599822998047
